3.13  77.96
3.15  76.94
3.1 78.29
3.17  76.57
3.17  75.97
3.11  75.48
3.1 76.29
3.13  74.88
3.2 75.36
3.2 76.77
3.15  75.72
3.12  75.54
3.13  77.29
3.2 77.02
3.22  76.7
3.14  77.46
3.16  75.6
3.12  76.47
3.17  76.17
3.18  75.78
3.17  78.08
3.11  79.24
3.29  75.88
3.14  76.76
3.13  75.92
3.09  76.23
3.09  76.42
3.15  75.52
3.11  76.82
3.07  76.27
3.1 77.06
3.14  77.75
3.11  78.26
3.13  76.37
3.11  76.34
3.17  75.25
3.16  76.48
3.16  78.3
3.18  76.52
3.02  77.62
3.18  76.37
3.21  75.62
3.13  76.49
3.17  77.37
3.06  78.94
3.15  75.57
3.17  76.34
3.2 77.46
3.14  77.75
3.12  77.64
3.19  74.58
3.13  76.75
3.13  79.8
3.14  77.32
3.12  76
3.15  77.87
3.09  77.69
3.22  76.45
3.13  76.93
3.12  77.12
3.2 76.14
3.17  76.21
3.12  76.91
3.17  77.45
